[7473659, 0.00010861694424330197]
[7478253, 0.00010861694424330197]
[7481373, 0.00010861694424330197]
[7540552, 0.00010861694424330197]
[7566008, 0.00010861694424330197]
[7568158, 0.00010861694424330197]
[7574468, 0.00010861694424330197]
[7603172, 0.00010861694424330197]
[7609909, 0.00010861694424330197]
[7611715, 0.00010861694424330197]
[7617191, 0.00010861694424330197]
[7619525, 0.00010861694424330197]
[7646655, 0.00010861694424330197]
[7654074, 0.00010861694424330197]
[7664194, 0.00010861694424330197]
[7675243, 0.00010861694424330197]
[7676127, 0.00010861694424330197]
[7696609, 0.00010861694424330197]
[7700274, 0.00010861694424330197]
[7700444, 0.00010861694424330197]
[7700597, 0.00010861694424330197]
[7710373, 0.00010861694424330197]
[7713402, 0.00010861694424330197]
[7717688, 0.00010861694424330197]
[7724603, 0.00010861694424330197]
[7738980, 0.00010861694424330197]
[7755355, 0.00010861694424330197]
[7761390, 0.00010861694424330197]
[7770005, 0.00010861694424330197]
[7773573, 0.00010861694424330197]
[7783869, 0.00010861694424330197]
[7802679, 0.00010861694424330197]
[7810577, 0.00010861694424330197]
[7815043, 0.00010861694424330197]
[7818703, 0.00010861694424330197]
[7821387, 0.00010861694424330197]
[7823376, 0.00010861694424330197]
[7824200, 0.00010861694424330197]
[7847069, 0.00010861694424330197]
[7847865, 0.00010861694424330197]
[7849527, 0.00010861694424330197]
[7888092, 0.00010861694424330197]
[7891889, 0.00010861694424330197]
[7910910, 0.00010861694424330197]
[7914580, 0.00010861694424330197]
[7920638, 0.00010861694424330197]
[7922348, 0.00010861694424330197]
[7936857, 0.00010861694424330197]
[7952845, 0.00010861694424330197]
[7968026, 0.00010861694424330197]
[7969426, 0.00010861694424330197]
[7970208, 0.00010861694424330197]
[8014966, 0.00010861694424330197]
[8024269, 0.00010861694424330197]
[8035940, 0.00010861694424330197]
[8042921, 0.00010861694424330197]
[8047277, 0.00010861694424330197]
[8050887, 0.00010861694424330197]
[8058160, 0.00010861694424330197]
[8075630, 0.00010861694424330197]
[8076181, 0.00010861694424330197]
[8082773, 0.00010861694424330197]
[8083685, 0.00010861694424330197]
[8089103, 0.00010861694424330197]
[8123007, 0.00010861694424330197]
[8128315, 0.00010861694424330197]
[8139083, 0.00010861694424330197]
[8154882, 0.00010861694424330197]
[8158175, 0.00010861694424330197]
[8158809, 0.00010861694424330197]
[8171342, 0.00010861694424330197]
[8172944, 0.00010861694424330197]
[8183036, 0.00010861694424330197]
[8185566, 0.00010861694424330197]
[8309587, 0.00010861694424330197]
[8309588, 0.00010861694424330197]
[8525796, 0.00010861694424330197]
[8527231, 0.00010861694424330197]
[8544551, 0.00010861694424330197]
[8546162, 0.00010861694424330197]
[8557181, 0.00010861694424330197]
[8596269, 0.00010861694424330197]
[8602762, 0.00010861694424330197]
[8619535, 0.00010861694424330197]
[8620924, 0.00010861694424330197]
[8624076, 0.00010861694424330197]
[8624094, 0.00010861694424330197]
[8624107, 0.00010861694424330197]
[8632166, 0.00010861694424330197]
[8644745, 0.00010861694424330197]
[8648892, 0.00010861694424330197]
[8649552, 0.00010861694424330197]
[8656943, 0.00010861694424330197]
[8669075, 0.00010861694424330197]
[8679539, 0.00010861694424330197]
[8682647, 0.00010861694424330197]
[8692753, 0.00010861694424330197]
[8709703, 0.00010861694424330197]
[8725895, 0.00010861694424330197]
[8726148, 0.00010861694424330197]
[8733730, 0.00010861694424330197]
[8740984, 0.00010861694424330197]
[8741132, 0.00010861694424330197]
[8741397, 0.00010861694424330197]
[8744402, 0.00010861694424330197]
[8744406, 0.00010861694424330197]
[8756999, 0.00010861694424330197]
[8757051, 0.00010861694424330197]
[8773610, 0.00010861694424330197]
[8774959, 0.00010861694424330197]
[8782820, 0.00010861694424330197]
[8786385, 0.00010861694424330197]
[8786396, 0.00010861694424330197]
[8786409, 0.00010861694424330197]
[8803817, 0.00010861694424330197]
[8803820, 0.00010861694424330197]
[8804993, 0.00010861694424330197]
[8815160, 0.00010861694424330197]
[8823200, 0.00010861694424330197]
[8826994, 0.00010861694424330197]
[8832646, 0.00010861694424330197]
[8841971, 0.00010861694424330197]
[8843827, 0.00010861694424330197]
[8843828, 0.00010861694424330197]
[8848934, 0.00010861694424330197]
[8854306, 0.00010861694424330197]
[8858183, 0.00010861694424330197]
[8867021, 0.00010861694424330197]
[8867586, 0.00010861694424330197]
[8871952, 0.00010861694424330197]
[8875468, 0.00010861694424330197]
[8878109, 0.00010861694424330197]
[8890929, 0.00010861694424330197]
[8891070, 0.00010861694424330197]
[8899655, 0.00010861694424330197]
[8905608, 0.00010861694424330197]
[8906609, 0.00010861694424330197]
[8912482, 0.00010861694424330197]
[8931004, 0.00010861694424330197]
[8937829, 0.00010861694424330197]
[8940032, 0.00010861694424330197]
[8958361, 0.00010861694424330197]
[8961669, 0.00010861694424330197]
[8971103, 0.00010861694424330197]
[8980023, 0.00010861694424330197]
[8987775, 0.00010861694424330197]
[9003488, 0.00010861694424330197]
[9006661, 0.00010861694424330197]
[9008509, 0.00010861694424330197]
[9013407, 0.00010861694424330197]
[9017975, 0.00010861694424330197]
[9018389, 0.00010861694424330197]
[9024330, 0.00010861694424330197]
[9041854, 0.00010861694424330197]
[9048987, 0.00010861694424330197]
[9058415, 0.00010861694424330197]
[9066363, 0.00010861694424330197]
[9066369, 0.00010861694424330197]
[9067471, 0.00010861694424330197]
[9070638, 0.00010861694424330197]
[9073026, 0.00010861694424330197]
[9086466, 0.00010861694424330197]
[9102150, 0.00010861694424330197]
[9113034, 0.00010861694424330197]
[9125900, 0.00010861694424330197]
[9129722, 0.00010861694424330197]
[9129729, 0.00010861694424330197]
[9130294, 0.00010861694424330197]
[9143263, 0.00010861694424330197]
[9143266, 0.00010861694424330197]
[9147873, 0.00010861694424330197]
[9153523, 0.00010861694424330197]
[9153535, 0.00010861694424330197]
[9165306, 0.00010861694424330197]
[9175590, 0.00010861694424330197]
[9178861, 0.00010861694424330197]
[9184634, 0.00010861694424330197]
[9185685, 0.00010861694424330197]
[9211985, 0.00010861694424330197]
[9213859, 0.00010861694424330197]
[9218507, 0.00010861694424330197]
[9218645, 0.00010861694424330197]
[9221969, 0.00010861694424330197]
[9221977, 0.00010861694424330197]
[9222173, 0.00010861694424330197]
[9224643, 0.00010861694424330197]
[9258256, 0.00010861694424330197]
[9258912, 0.00010861694424330197]
[9280168, 0.00010861694424330197]
[9295092, 0.00010861694424330197]
[9298817, 0.00010861694424330197]
[9300650, 0.00010861694424330197]
[9302273, 0.00010861694424330197]
[9305342, 0.00010861694424330197]
[9307253, 0.00010861694424330197]
[9307262, 0.00010861694424330197]
[9316155, 0.00010861694424330197]
[9326451, 0.00010861694424330197]
[9328480, 0.00010861694424330197]
[9329691, 0.00010861694424330197]
[9329722, 0.00010861694424330197]
[9335533, 0.00010861694424330197]
[9339270, 0.00010861694424330197]
[9340870, 0.00010861694424330197]
[9349544, 0.00010861694424330197]
[9370233, 0.00010861694424330197]
[9382479, 0.00010861694424330197]
[9403708, 0.00010861694424330197]
[9409253, 0.00010861694424330197]
[9411578, 0.00010861694424330197]
[9422368, 0.00010861694424330197]
[9436725, 0.00010861694424330197]
[9454617, 0.00010861694424330197]
[9461617, 0.00010861694424330197]
[9470130, 0.00010861694424330197]
[9470136, 0.00010861694424330197]
[9471175, 0.00010861694424330197]
[9482249, 0.00010861694424330197]
[9482681, 0.00010861694424330197]
[9484359, 0.00010861694424330197]
[9486483, 0.00010861694424330197]
[9520001, 0.00010861694424330197]
[9527138, 0.00010861694424330197]
[9529753, 0.00010861694424330197]
[9532343, 0.00010861694424330197]
[9536100, 0.00010861694424330197]
[9539408, 0.00010861694424330197]
[9546293, 0.00010861694424330197]
[9547165, 0.00010861694424330197]
[9547474, 0.00010861694424330197]
[9549720, 0.00010861694424330197]
[9559653, 0.00010861694424330197]
[9562469, 0.00010861694424330197]
[9577654, 0.00010861694424330197]
[9591838, 0.00010861694424330197]
[9592052, 0.00010861694424330197]
[9596222, 0.00010861694424330197]
[9596412, 0.00010861694424330197]
[9597090, 0.00010861694424330197]
[9603433, 0.00010861694424330197]
[9605496, 0.00010861694424330197]
[9625186, 0.00010861694424330197]
[9628766, 0.00010861694424330197]
[9635475, 0.00010861694424330197]
[9637403, 0.00010861694424330197]
[9647321, 0.00010861694424330197]
[9658938, 0.00010861694424330197]
[9667569, 0.00010861694424330197]
[9672379, 0.00010861694424330197]
[9682830, 0.00010861694424330197]
[9697689, 0.00010861694424330197]
[9701675, 0.00010861694424330197]
[9701681, 0.00010861694424330197]
[9704150, 0.00010861694424330197]
[9705582, 0.00010861694424330197]
[9708864, 0.00010861694424330197]
[9708953, 0.00010861694424330197]
[9718052, 0.00010861694424330197]
[9721442, 0.00010861694424330197]
[9733229, 0.00010861694424330197]
[9736756, 0.00010861694424330197]
[9743577, 0.00010861694424330197]
[9743578, 0.00010861694424330197]
[9751196, 0.00010861694424330197]
[9754236, 0.00010861694424330197]
[9763475, 0.00010861694424330197]
[9777946, 0.00010861694424330197]
[9780089, 0.00010861694424330197]
[9781520, 0.00010861694424330197]
[9791536, 0.00010861694424330197]
[9834545, 0.00010861694424330197]
[9844031, 0.00010861694424330197]
[9848808, 0.00010861694424330197]
[9853706, 0.00010861694424330197]
[9855862, 0.00010861694424330197]
[9862642, 0.00010861694424330197]
[9875528, 0.00010861694424330197]
[9880043, 0.00010861694424330197]
[9886074, 0.00010861694424330197]
[9920995, 0.00010861694424330197]
[9929677, 0.00010861694424330197]
[10022033, 0.00010861694424330197]
[10026381, 0.00010861694424330197]
[10027548, 0.00010861694424330197]
[10027549, 0.00010861694424330197]
[10071712, 0.00010861694424330197]
[10076900, 0.00010861694424330197]
[10079115, 0.00010861694424330197]
[10079962, 0.00010861694424330197]
[10081980, 0.00010861694424330197]
[10089003, 0.00010861694424330197]
[10172880, 0.00010861694424330197]
[10192208, 0.00010861694424330197]
[10192209, 0.00010861694424330197]
[10195399, 0.00010861694424330197]
[10197814, 0.00010861694424330197]
[10207721, 0.00010861694424330197]
[10208564, 0.00010861694424330197]
[10213152, 0.00010861694424330197]
[10213175, 0.00010861694424330197]
[10231806, 0.00010861694424330197]
[10319883, 0.00010861694424330197]
[10320795, 0.00010861694424330197]
[10338292, 0.00010861694424330197]
[10360679, 0.00010861694424330197]
[10362893, 0.00010861694424330197]
[10364640, 0.00010861694424330197]
[10367700, 0.00010861694424330197]
[10369305, 0.00010861694424330197]
[10372566, 0.00010861694424330197]
[10399868, 0.00010861694424330197]
[10400250, 0.00010861694424330197]
[10401448, 0.00010861694424330197]
[10402500, 0.00010861694424330197]
[10403716, 0.00010861694424330197]
[10408574, 0.00010861694424330197]
[10420066, 0.00010861694424330197]
[10422994, 0.00010861694424330197]
[10428074, 0.00010861694424330197]
[10430421, 0.00010861694424330197]
[10431657, 0.00010861694424330197]
[10432380, 0.00010861694424330197]
[10436064, 0.00010861694424330197]
[10439444, 0.00010861694424330197]
[10474059, 0.00010861694424330197]
[10487844, 0.00010861694424330197]
[10488949, 0.00010861694424330197]
[10489042, 0.00010861694424330197]
[10501208, 0.00010861694424330197]
[10507547, 0.00010861694424330197]
[10525138, 0.00010861694424330197]
[10534156, 0.00010861694424330197]
[10534164, 0.00010861694424330197]
[10534256, 0.00010861694424330197]
[10541592, 0.00010861694424330197]
[10559556, 0.00010861694424330197]
[10559559, 0.00010861694424330197]
[10563653, 0.00010861694424330197]
[10570512, 0.00010861694424330197]
[10599878, 0.00010861694424330197]
[10601411, 0.00010861694424330197]
[10604440, 0.00010861694424330197]
[10604441, 0.00010861694424330197]
[10619631, 0.00010861694424330197]
[10636159, 0.00010861694424330197]
[10637934, 0.00010861694424330197]
[10638195, 0.00010861694424330197]
[10643890, 0.00010861694424330197]
[10653281, 0.00010861694424330197]
[10656299, 0.00010861694424330197]
[10668705, 0.00010861694424330197]
[10671320, 0.00010861694424330197]
[10679292, 0.00010861694424330197]
[10685028, 0.00010861694424330197]
[10694577, 0.00010861694424330197]
[10705163, 0.00010861694424330197]
[10713392, 0.00010861694424330197]
[10737598, 0.00010861694424330197]
[10738542, 0.00010861694424330197]
[10744589, 0.00010861694424330197]
[10749663, 0.00010861694424330197]
[10766998, 0.00010861694424330197]
[10772123, 0.00010861694424330197]
[10775535, 0.00010861694424330197]
[10775884, 0.00010861694424330197]
[10797593, 0.00010861694424330197]
[10801051, 0.00010861694424330197]
[10811879, 0.00010861694424330197]
[10815129, 0.00010861694424330197]
[10818140, 0.00010861694424330197]
[10818499, 0.00010861694424330197]
[10818507, 0.00010861694424330197]
[10818508, 0.00010861694424330197]
[10854569, 0.00010861694424330197]
[10854768, 0.00010861694424330197]
[10860300, 0.00010861694424330197]
[10867214, 0.00010861694424330197]
[10869806, 0.00010861694424330197]
[10873585, 0.00010861694424330197]
[10885540, 0.00010861694424330197]
[10886308, 0.00010861694424330197]
[10899434, 0.00010861694424330197]
[10910426, 0.00010861694424330197]
[10920030, 0.00010861694424330197]
[10934557, 0.00010861694424330197]
[10935434, 0.00010861694424330197]
[10936884, 0.00010861694424330197]
[10936886, 0.00010861694424330197]
[10939571, 0.00010861694424330197]
[10947802, 0.00010861694424330197]
[10961427, 0.00010861694424330197]
[10961667, 0.00010861694424330197]
[11005255, 0.00010861694424330197]
[11007687, 0.00010861694424330197]
[11017931, 0.00010861694424330197]
[11041282, 0.00010861694424330197]
[11044587, 0.00010861694424330197]
[11060007, 0.00010861694424330197]
[11060356, 0.00010861694424330197]
[11069947, 0.00010861694424330197]
[11087768, 0.00010861694424330197]
[11099722, 0.00010861694424330197]
[11110974, 0.00010861694424330197]
[11120597, 0.00010861694424330197]
[11123907, 0.00010861694424330197]
[11123940, 0.00010861694424330197]
[11125748, 0.00010861694424330197]
[11132184, 0.00010861694424330197]
[11143490, 0.00010861694424330197]
[11157409, 0.00010861694424330197]
[11165374, 0.00010861694424330197]
[11173882, 0.00010861694424330197]
[11182472, 0.00010861694424330197]
[11216203, 0.00010861694424330197]
[11240021, 0.00010861694424330197]
[11248079, 0.00010861694424330197]
[11264988, 0.00010861694424330197]
[11299424, 0.00010861694424330197]
[11311545, 0.00010861694424330197]
[11312553, 0.00010861694424330197]
[11320185, 0.00010861694424330197]
[11327877, 0.00010861694424330197]
[11336076, 0.00010861694424330197]
[11338204, 0.00010861694424330197]
[11343837, 0.00010861694424330197]
[11347179, 0.00010861694424330197]
[11354629, 0.00010861694424330197]
[11376902, 0.00010861694424330197]
[11378247, 0.00010861694424330197]
[11378846, 0.00010861694424330197]
[11403971, 0.00010861694424330197]
[11408789, 0.00010861694424330197]
[11421127, 0.00010861694424330197]
[11425005, 0.00010861694424330197]
[11425936, 0.00010861694424330197]
[11436129, 0.00010861694424330197]
[11443731, 0.00010861694424330197]
[11445269, 0.00010861694424330197]
[11447826, 0.00010861694424330197]
[11447827, 0.00010861694424330197]
[11476599, 0.00010861694424330197]
[11487050, 0.00010861694424330197]
[11493026, 0.00010861694424330197]
[11516561, 0.00010861694424330197]
[11531831, 0.00010861694424330197]
[11553788, 0.00010861694424330197]
[11574101, 0.00010861694424330197]
[11589917, 0.00010861694424330197]
[11591456, 0.00010861694424330197]
[11673588, 0.00010861694424330197]
[11684904, 0.00010861694424330197]
[11698154, 0.00010861694424330197]
[11701639, 0.00010861694424330197]
[11702052, 0.00010861694424330197]
[11738469, 0.00010861694424330197]
[11743951, 0.00010861694424330197]
[11755000, 0.00010861694424330197]
[11755017, 0.00010861694424330197]
[11770221, 0.00010861694424330197]
[11774713, 0.00010861694424330197]
[11790235, 0.00010861694424330197]
[11790634, 0.00010861694424330197]
[11816789, 0.00010861694424330197]
[11816794, 0.00010861694424330197]
[11835370, 0.00010861694424330197]
[11840304, 0.00010861694424330197]
[11860878, 0.00010861694424330197]
[11863377, 0.00010861694424330197]
[11893773, 0.00010861694424330197]
[11893834, 0.00010861694424330197]
[11893839, 0.00010861694424330197]
[11930145, 0.00010861694424330197]
[11936240, 0.00010861694424330197]
[11940706, 0.00010861694424330197]
[11941486, 0.00010861694424330197]
[11980062, 0.00010861694424330197]
[11988340, 0.00010861694424330197]
[12000192, 0.00010861694424330197]
[12007670, 0.00010861694424330197]
[12015813, 0.00010861694424330197]
[12037434, 0.00010861694424330197]
[12042316, 0.00010861694424330197]
[12067484, 0.00010861694424330197]
[12067591, 0.00010861694424330197]
[12074828, 0.00010861694424330197]
[12077215, 0.00010861694424330197]
[12115887, 0.00010861694424330197]
[12145452, 0.00010861694424330197]
[12169205, 0.00010861694424330197]
[12205106, 0.00010861694424330197]
[12226534, 0.00010861694424330197]
[12231459, 0.00010861694424330197]
[12363410, 0.00010861694424330197]
[12365882, 0.00010861694424330197]
[12384263, 0.00010861694424330197]
[12384789, 0.00010861694424330197]
[12391602, 0.00010861694424330197]
[12393935, 0.00010861694424330197]
[12399018, 0.00010861694424330197]
[12413003, 0.00010861694424330197]
[12419536, 0.00010861694424330197]
[12475089, 0.00010861694424330197]
[12490529, 0.00010861694424330197]
[12490540, 0.00010861694424330197]
[12495080, 0.00010861694424330197]
[12495082, 0.00010861694424330197]
[12507910, 0.00010861694424330197]
[12533085, 0.00010861694424330197]
[12548360, 0.00010861694424330197]
[12556576, 0.00010861694424330197]
[12559836, 0.00010861694424330197]
[12566177, 0.00010861694424330197]
[12580698, 0.00010861694424330197]
[12580702, 0.00010861694424330197]
[12582468, 0.00010861694424330197]
[12584430, 0.00010861694424330197]
[12614344, 0.00010861694424330197]
[12618306, 0.00010861694424330197]
[12642767, 0.00010861694424330197]
[12646385, 0.00010861694424330197]
[12668899, 0.00010861694424330197]
[12670700, 0.00010861694424330197]
[12676346, 0.00010861694424330197]
[12714797, 0.00010861694424330197]
[12722493, 0.00010861694424330197]
[12755040, 0.00010861694424330197]
[12782758, 0.00010861694424330197]
[12788204, 0.00010861694424330197]
[12806589, 0.00010861694424330197]
[12811635, 0.00010861694424330197]
[12833577, 0.00010861694424330197]
[12856536, 0.00010861694424330197]
[12864777, 0.00010861694424330197]
[12873803, 0.00010861694424330197]
[12875979, 0.00010861694424330197]
[12876265, 0.00010861694424330197]
[12876550, 0.00010861694424330197]
[12882964, 0.00010861694424330197]
[12928512, 0.00010861694424330197]
[12928915, 0.00010861694424330197]
[12930057, 0.00010861694424330197]
[12935416, 0.00010861694424330197]
[12946703, 0.00010861694424330197]
[12951193, 0.00010861694424330197]
[12971913, 0.00010861694424330197]
[14501016, 0.00010861694424330197]
[14511323, 0.00010861694424330197]
[14574626, 0.00010861694424330197]
[9786612, 564174.9626086169]
[7841371, 609826.3955631624]
[8559364, 625167.7751086169]
[8710077, 663643.4501086168]
[8825898, 747597.4864722532]
[7970216, 808996.4959419502]
[7566652, 824647.6876086169]
[9772023, 824854.4501086168]
[9520135, 825871.1273813442]
[8624096, 839783.3864722532]
[11715112, 936627.3858229025]
[9147408, 1030694.5938586169]
[9786245, 1057652.0858229026]
[9852204, 1162043.500108617]
[9213069, 1162156.6917752835]
[10366621, 1221134.0126086168]
[10944562, 1225180.2251086168]
[11483304, 1257357.9667752837]
[8834536, 1286220.000108617]
[9066358, 1318749.2876086168]
[8762193, 1322930.2251086168]
[11835377, 1362712.9167752836]
[11087769, 1370595.3917752835]
[8786847, 1449385.3201086167]
[9292870, 1449385.3201086167]
[11925775, 1466155.6501086168]
[10737693, 1537276.9917752836]
[7755725, 1612340.010108617]
[9932417, 1789236.6834419502]
[11122949, 1789236.6834419502]
[10637933, 1808147.0301086167]
[7810590, 1842267.050108617]
[8047278, 1990930.3501086168]
[8947284, 2001789.4401086168]
[11482130, 2017622.9001086168]
[12498968, 2061294.2001086168]
[9386771, 2138828.310108617]
[10411341, 2168654.3001086167]
[9327086, 2184605.6834419505]
[7486872, 2199378.907900825]
[8039724, 2351981.662608617]
[9696068, 2364221.4501086166]
[11166730, 2411275.537608617]
[11558492, 2411275.537608617]
[10230703, 2451211.3001086167]
[11769703, 2473733.1834419505]
[8993481, 2593481.466775283]
[7814023, 2612949.0167752835]
[7884953, 2612949.0167752835]
[8544899, 2632555.782608617]
[9447442, 2676776.9334419505]
[11804704, 2697353.7334419503]
[8993478, 2725425.8334419504]
[8825894, 2778018.578896496]
[11578777, 2799345.5167752835]
[10880397, 2841101.4834419503]
[9030704, 2917291.587608617]
[11715411, 2964264.78344195]
[9121705, 2971555.2334419503]
[10329743, 2982361.28344195]
[11058789, 2982361.28344195]
[12885574, 2982965.63344195]
[9018400, 2994978.400108617]
[11849755, 3001436.13344195]
[11716140, 3022799.1834419505]
[12962909, 3025681.7601086167]
[9669695, 3091992.3001086167]
[12536572, 3136801.466775283]
[10668703, 3141534.2667752835]
[7595656, 3171578.650108617]
[7853720, 3176833.63344195]
[7526899, 3204426.475108617]
[12006218, 3205507.6751086167]
[10501182, 3215827.100108617]
[7639323, 3236616.400108617]
[9689449, 3238756.4167752834]
[11513353, 3249828.375108617]
[7579137, 3252979.750108617]
[8044413, 3285175.625108617]
[11193808, 3299417.8001086167]
[9259370, 3320991.366775283]
[9098525, 3325285.000108617]
[8846238, 3332582.6751086167]
[9169250, 3336048.975108617]
[9576554, 3336315.7334419503]
[10670439, 3351105.025108617]
[7765750, 3354051.975108617]
[7728146, 3387338.400108617]
[10912918, 3413935.1834419505]
[7703749, 3429452.500108617]
[11454984, 3429855.6834419505]
[12761223, 3430306.750108617]
[12637119, 3440440.4501086166]
[7700596, 3473872.650108617]
[11950276, 3486130.500108617]
[8290946, 3525644.875108617]
[9562306, 3552028.7334419503]
[10737120, 3564713.850108617]
[7644022, 3653574.125108617]
[10430422, 3661164.2001086166]
[10861213, 3668541.350108617]
[7891871, 3684534.100108617]
[8710175, 3692151.8001086167]
[8652146, 3694420.025108617]
[10336256, 3694420.025108617]
[8858181, 3701623.775108617]
[8576504, 3714981.100108617]
[12459519, 3715093.725108617]
[10411671, 3725964.3042752836]
[8830309, 3738729.250108617]
[7936253, 3758626.900108617]
[9052714, 3803245.9501086166]
[9804121, 3816506.8001086167]
[11113336, 3816509.775108617]
[12135350, 3816509.775108617]
[8726460, 3826301.350108617]
[11912108, 3831725.2001086166]
[12947160, 3832820.000108617]
[11576650, 3835340.250108617]
[10835442, 3887846.025108617]
[7550352, 3888004.5501086167]
[9222170, 3888004.5501086167]
[7846048, 3915093.625108617]
[9562467, 3937399.891775283]
[8313935, 3937896.5751086166]
[8530010, 3969869.750108617]
[8731381, 4003917.406775283]
[12581343, 4020803.4501086166]
[11445256, 4030139.4251086167]
[14507342, 4046002.5501086167]
[8624079, 4078763.250108617]
[11222634, 4101678.400108617]
[9831994, 4109780.812608617]
[9223597, 4113282.1751086167]
[10025785, 4113282.1751086167]
[11016543, 4113285.5751086166]
[9325076, 4139599.4501086166]
[8859062, 4158687.900108617]
[10526094, 4159154.125108617]
[11173876, 4170070.6751086167]
[12163621, 4176098.025108617]
[9631384, 4178444.025108617]
[7977363, 4186621.025108617]
[10818510, 4220112.725108617]
[11790212, 4224019.778441951]
[8712790, 4323474.000108617]
[11257253, 4331688.400108617]
[9836756, 4337646.050108617]
[7485228, 4338656.09296576]
[10626834, 4351757.395941951]
[9189032, 4366435.663441951]
[9164326, 4386951.150108617]
[12433260, 4406954.625108617]
[11676291, 4435348.875108617]
[9073034, 4464881.700108618]
[11501342, 4473183.650108617]
[12394840, 4492777.425108617]
[11377835, 4509831.400108617]
[9649761, 4523653.250108617]
[9074396, 4548337.250108617]
[11416775, 4567306.700108618]
[12076977, 4567306.700108618]
[8618665, 4575932.925108617]
[9665654, 4579750.700108618]
[9681639, 4605062.850108617]
[8725748, 4609887.131358617]
[9469259, 4637988.450108618]
[9693262, 4640173.375108617]
[10771168, 4649317.675108617]
[12682309, 4672723.700108618]
[9347936, 4697248.962608617]
[8624080, 4704727.475108617]
[12230301, 4706785.325108618]
[7751846, 4723117.225108617]
[9647302, 4727549.762608618]
[8761956, 4748897.725108617]
[9710033, 4783565.400108617]
[10818526, 4835754.975108617]
[7566000, 4855707.195108618]
[9588907, 4862976.650108617]
[11290387, 4880404.200108618]
[10582625, 4884536.050108617]
[9126060, 4897337.050108617]
[10953177, 4933772.526775285]
[10936877, 4960905.575108618]
[10806314, 4991199.575108618]
[11774719, 5004473.600108617]
[12105308, 5015443.076775284]
[7898715, 5021060.500108617]
[11032626, 5030035.225108617]
[11869551, 5053457.400108617]
[11940689, 5074800.050108617]
[12555245, 5075131.550108617]
[12411763, 5087710.700108618]
[12105373, 5140471.050108617]
[12834112, 5149958.325108618]
[11535112, 5251294.900108617]
[9506546, 5272356.200108618]
[9990558, 5274999.275108617]
[11045665, 5278302.800108617]
[9877525, 5284136.775108617]
[10718322, 5306612.050108617]
[10777685, 5306612.050108617]
[12392781, 5306612.050108617]
[11315514, 5311670.740108618]
[12849539, 5312179.975108617]
[9246676, 5334616.150108617]
[7615568, 5382404.850108617]
[10959835, 5475259.700108618]
[11256794, 5509236.325108618]
[11920850, 5543063.690108618]
[12552037, 5713700.637608618]
[7992850, 5772219.666775284]
[12232782, 6075370.466775283]
[10212558, 6224875.691775284]
[7672107, 6403957.800108617]
[9876967, 6417799.200108618]
[9329686, 6456295.700108618]
[10681402, 6470525.550108617]
[8977148, 6505959.500108617]
[10737125, 6518508.900108617]
[10592634, 6524707.950108618]
[7729825, 6598835.600108617]
[8880693, 6616364.300108617]
[8618881, 6616368.550108617]
[11387943, 6641919.550108617]
[8128961, 6650533.450108618]
[7668835, 6670686.950108618]
[7937774, 6675662.000108617]
[8820179, 6700794.516775283]
[7970234, 6708090.350108617]
[7847867, 6710686.675108617]
[9424665, 6722680.600108617]
[11755001, 6774012.100108617]
[7818636, 6774698.900108617]
[8710076, 6774698.900108617]
[9811931, 6777667.666775283]
[8554056, 6780758.550108617]
[7763336, 6799526.868858617]
[11741391, 6802272.900108617]
[9386782, 6859939.450108618]
[11596149, 6859939.450108618]
[11447828, 6871133.100108617]
[11523146, 6871133.950108618]
[10794857, 6919289.991775284]
[9425904, 6924391.720108617]
[10946021, 6947745.300108617]
[9083560, 6972940.150108617]
[10910416, 7050286.750108617]
[7595642, 7063181.250108617]
[12392766, 7096084.608441951]
[12192621, 7199008.416775283]
[12629906, 7243653.250108617]
[12951205, 7247503.750108617]
[12123862, 7299194.885108617]
[8624098, 7307148.250108617]
[11589913, 7322328.400108617]
[10027417, 7326026.750108617]
[9566384, 7329033.200108618]
[10591674, 7340964.650108617]
[12507771, 7340964.650108617]
[10462111, 7342268.833441949]
[12417379, 7351558.200108618]
[12459889, 7377376.100108617]
[7964823, 7396977.100108617]
[9468467, 7403565.450108618]
[9566379, 7423670.500108617]
[11325345, 7432741.700108618]
[9341932, 7432744.250108617]
[9427340, 7435679.300108617]
[11732920, 7468427.250108617]
[8659934, 7468436.600108617]
[12030413, 7489779.250108617]
[8683540, 7505771.150108617]
[8525803, 7509355.600108617]
[8791246, 7516534.821537189]
[9051750, 7519301.450108618]
[11698153, 7538900.750108617]
[12405544, 7541556.150108617]
[8915608, 7549172.150108617]
[7583250, 7557156.200108618]
[10190820, 7589783.450108618]
[9040748, 7590405.614691949]
[12957499, 7591353.400108617]
[9445249, 7600395.700108618]
[9285479, 7625437.550108617]
[8993485, 7630575.800108617]
[8618855, 7633019.550108617]
[8780111, 7633019.550108617]
[7619017, 7644457.150108617]
[12128082, 7652606.950108618]
[10624576, 7654818.140108617]
[9236226, 7655661.850108617]
[8813351, 7684635.800108617]
[8983040, 7684635.800108617]
[11408727, 7691445.150108617]
[12417380, 7694805.200108618]
[9549589, 7698594.500108617]
[12657895, 7699652.750108617]
[9153643, 7712078.900108617]
[12376533, 7757015.000108617]
[9350853, 7760263.700108618]
[8526475, 7760269.650108617]
[10071711, 7766546.050108617]
[8632164, 7789677.100108617]
[9831995, 7790627.966775285]
[8955927, 7797823.500108617]
[12161276, 7835848.250108617]
[10501193, 7836892.900108617]
[9831633, 7838680.450108618]
[7700578, 7840057.450108618]
[9572591, 7851863.950108618]
[9033259, 7869517.600108617]
[8892351, 7875793.150108617]
[10502286, 7875793.150108617]
[10559561, 7881501.920108616]
[9153464, 7933274.400108617]
[11936239, 7941946.950108618]
[8890599, 7948225.050108617]
[9651008, 7960938.925108617]
[8709704, 7963721.400108617]
[9494696, 7963721.400108617]
[10994644, 7963721.400108617]
[9621997, 7966944.175108617]
[8651641, 7972981.087608617]
[9221767, 8000625.000108617]
[9214529, 8030325.700108618]
[8651653, 8030330.800108617]
[7876895, 8041606.900108617]
[8941642, 8042374.450108618]
[11710891, 8081927.500108617]
[9622609, 8092005.100108617]
[10066860, 8092005.100108617]
[7818244, 8100290.050108617]
[8691961, 8108497.650108617]
[12123847, 8125937.100108617]
[12230303, 8125937.100108617]
[10818513, 8140070.900108617]
[11405810, 8140070.900108617]
[9327723, 8150570.950108618]
[10592684, 8157526.500108617]
[9017530, 8158879.700108618]
[11129109, 8176693.150108617]
[7969418, 8179217.650108617]
[11861652, 8179803.866775284]
[8602063, 8186676.400108617]
[8940294, 8186676.400108617]
[11076057, 8189422.466775285]
[10599813, 8191792.550108617]
[10364641, 8193612.825108618]
[9224523, 8203356.800108617]
[8830319, 8223572.350108617]
[9502209, 8229394.000108617]
[10325447, 8229394.000108617]
[10030402, 8232877.300108617]
[12095653, 8245176.800108617]
[8872415, 8246222.300108617]
[9436726, 8269601.550108617]
[10567488, 8269601.550108617]
[11125144, 8274128.225108617]
[9270069, 8274575.325108618]
[9125318, 8279096.050108617]
[11711530, 8288518.300108617]
[11899259, 8298953.750108617]
[8071310, 8315090.150108617]
[9121226, 8317375.800108617]
[9089676, 8318308.250108617]
[9383026, 8318620.200108618]
[12614323, 8340141.350108617]
[11444802, 8348839.400108617]
[9292886, 8356431.600108617]
[9486746, 8357194.050108617]
[9486747, 8357194.050108617]
[10364643, 8371486.800108617]
[11895043, 8374734.990108618]
[7582040, 8395896.250108616]
[10487842, 8396458.100108616]
[12116196, 8418587.141775284]
[12237848, 8440227.150108617]
[11231028, 8442554.450108616]
[10352866, 8522423.850108616]
[11592113, 8523304.450108616]
[7581381, 8523416.650108617]
[7585009, 8567967.700108616]
[11357958, 8569683.000108616]
[9333264, 8599595.562608616]
[7654070, 8608937.77094195]
[11556686, 8668141.900108617]
[12049183, 8686817.250108616]
[8890795, 8696097.550108615]
[7944308, 8777577.700108616]
[9782459, 8813909.250108616]
[9863603, 8814355.500108616]
[7612383, 8814403.950108616]
[12111863, 8832756.300108615]
[11071064, 8849920.350108616]
[11464462, 8849920.350108616]
[9152721, 8859544.900108617]
[11293821, 8863860.350108616]
[9329486, 8865858.700108616]
[8682150, 8867523.000108616]
[11734357, 8870697.750108616]
[10421878, 8926014.050108615]
[10587578, 8926026.800108615]
[8890772, 8928029.400108617]
[9878186, 8948896.900108617]
[9583189, 8975626.850108616]
[8058125, 9009896.300108615]
[11408299, 9031857.750108616]
[9630508, 9034770.700108616]
[12167762, 9058548.059199525]
[10767725, 9068395.850108616]
[10593304, 9068396.700108616]
[10737615, 9070622.000108616]
[8751868, 9105375.950108616]
[10192210, 9105375.950108616]
[7857652, 9110573.700108616]
[11035488, 9126972.750108616]
[11193807, 9140307.833441949]
[7696597, 9150298.450108616]
[10785619, 9195747.100108616]
[9187933, 9196704.200108616]
[12192623, 9198999.200108616]
[8912490, 9199062.950108616]
[12637699, 9200046.400108617]
[12709467, 9210125.700108616]
[7783963, 9236353.725108616]
[12374623, 9237120.000108616]
[8631862, 9249780.041775282]
[9521254, 9253361.800108615]
[7816154, 9266948.030108618]
[7740560, 9275976.900108617]
[8203459, 9275976.900108617]
[9700655, 9275976.900108617]
[9854388, 9275976.900108617]
[10668701, 9275976.900108617]
[9523562, 9296348.000108616]
[10936881, 9298635.350108616]
[10500259, 9336462.050108615]
[10391478, 9399970.650108617]
[12160362, 9413570.650108617]
[12950448, 9418691.475108616]
[12053131, 9427403.380108617]
[8013374, 9455320.950108616]
[11940690, 9497795.450108616]
[12077730, 9500624.250108616]
[9003067, 9507492.250108616]
[8761338, 9514735.950108616]
[12468034, 9514735.950108616]
[8938267, 9530500.900108617]
[11122698, 9575239.800108615]
[11769625, 9582771.650108617]
[12885570, 9582771.650108617]
[9129962, 9606762.900108617]
[12722978, 9614813.250108616]
[10461029, 9622157.250108616]
[11305869, 9626543.250108616]
[11409442, 9645102.150108617]
[12507914, 9651434.650108617]
[10671644, 9654264.300108615]
[7668834, 9656685.950108616]
[10412731, 9664335.100108616]
[11072138, 9664335.100108616]
[10652986, 9671453.000108616]
[7673184, 9671504.850108616]
[7818249, 9694938.500108616]
[9774779, 9697470.650108617]
[10494348, 9716269.250108616]
[9667603, 9730868.000108616]
[9524247, 9740147.450108616]
[10528114, 9765361.850108616]
[9929679, 9769072.100108616]
[11825674, 9771910.250108616]
[10846860, 9776140.700108616]
[8273205, 9794674.100108616]
[8786379, 9823183.100108616]
[10394937, 9835633.050108615]
[11259129, 9837985.850108616]
[12573540, 9840464.280108618]
[8811124, 9841938.350108616]
[11882744, 9841960.450108616]
[11255448, 9851429.450108616]
[7909036, 9853296.050108615]
[11816786, 9931390.650108617]
[11898555, 9931390.650108617]
[12810610, 9931698.350108616]
[9219743, 9949782.100108616]
[9514597, 9954257.350108616]
[9660395, 9962974.100108616]
[12784029, 9962974.100108616]
[11722612, 9974203.450108616]
[9627181, 9980182.350108616]
[10984073, 9982399.150108617]
[7706948, 10004181.250108616]
[10952022, 10011852.500108616]
[10219785, 10125291.800108615]
[7715296, 10140637.700108616]
[11901276, 10140637.700108616]
[12182886, 10143202.575108616]
[11705626, 10144301.200108616]
[9482248, 10157882.075108616]
[8526476, 10175421.400108617]
[8592548, 10188207.100108616]
[8042228, 10193729.550108615]
[10998553, 10197397.725108616]
[8687416, 10225851.050108615]
[9862571, 10280942.100108616]
[9467014, 10281305.050108615]
[10027555, 10294723.150108617]
[12724118, 10294723.150108617]
[9014911, 10298503.950108616]
[8980016, 10302658.466775283]
[11939894, 10307341.116775282]
[12112161, 10374340.100108616]
[12117549, 10480174.73344195]
[10369830, 10494131.110108616]
[10818534, 10502589.800108615]
[11305015, 10502589.800108615]
[10571241, 10520053.050108615]
[10766901, 10532861.700108616]
[11992623, 10541894.650108617]
[12011307, 10541894.650108617]
[11565608, 10549994.300108615]
[10822352, 10568271.000108616]
[8711797, 10585624.600108616]
[11684351, 10585624.600108616]
[10766403, 10588511.200108616]
[11177205, 10588511.200108616]
[9812182, 10590591.150108617]
[12214015, 10590905.650108617]
[12031891, 10631605.350108616]
[9740113, 10647006.500108616]
[10998477, 10656086.200108616]
[10629142, 10659861.900108617]
[10088051, 10681026.900108617]
[12391598, 10694141.550108615]
[10570509, 10696765.500108616]
[9148246, 10719434.716775281]
[12809979, 10739257.850108616]
[12890772, 10744890.800108615]
[10400221, 10749427.250108616]
[8951889, 10768564.150108617]
[10840275, 10833661.541775282]
[8633046, 10844690.150108617]
[14512715, 10864993.250108616]
[9369317, 10869222.000108616]
[11212354, 10869222.000108616]
[11986126, 10886768.550108615]
[12807963, 10889018.500108616]
[11435901, 10901052.800108615]
[8649585, 10908995.200108616]
[8624095, 10913305.318290433]
[8881379, 10928055.600108616]
[9916507, 10940065.816775283]
[9237487, 10944582.150108617]
[11769724, 10944820.150108617]
[11987699, 10960774.543858616]
[8525799, 10966513.850108616]
[10419818, 10979818.050108615]
[11598497, 10979818.050108615]
[11161595, 11026126.050108615]
[10712207, 11114496.300108615]
[9678319, 11167384.43344195]
[12147333, 11215622.500108616]
[10599773, 11263265.425108615]
[10454160, 11374220.515108617]
[8309625, 11447860.775108617]
[12657430, 11606774.225108616]
[10487843, 11624428.66439433]
[9074395, 11659427.050108615]
[9539409, 11721443.050108615]
[9398632, 11774743.150108617]
[8086986, 11978979.73344195]
[10816430, 11991918.362608615]
[8797010, 12055099.500108616]
[8747858, 12102484.166775282]
[9700658, 12130365.016775282]
[8829725, 12160329.755108617]
[9633759, 12209233.825108616]
[12607822, 12248876.550108615]
[11113612, 12259648.175108615]
[11067868, 12331240.700108616]
[11333435, 12335807.750108616]
[10687744, 12359835.125108616]
[7605379, 12362692.68344195]
[10488446, 12364074.245108616]
[8848271, 12398399.900714679]
[7525898, 12412411.875108616]
[8833436, 12419263.58344195]
[8644717, 12429614.600108616]
[7972031, 12519766.30844195]
[9593678, 12520550.575108616]
[8674441, 12559062.800108615]
[11015454, 12565335.800108615]
[11904138, 12571194.425108615]
[10208278, 12583187.500108616]
[7824144, 12593264.816775283]
[12552038, 12605808.550108615]
[11851296, 12610666.087608617]
[9012418, 12624902.100108616]
[10867209, 12685866.140108617]
[8040342, 12696404.312608616]
[8996815, 12712615.300108615]
[9831993, 12714078.575108616]
[11706973, 12739914.325108616]
[8939277, 12770846.816775283]
[11375142, 12828144.183441948]
[9831992, 12840794.166775284]
[11303757, 12848640.375108616]
[10625715, 12884039.050108615]
[11553277, 12929614.350108616]
[10078062, 12946243.18344195]
[10634455, 13010126.350108616]
[10940674, 13024361.725108616]
[9674791, 13264473.125108616]
[10208640, 13275866.55344195]
[9785148, 13289127.375108616]
[7534068, 13324317.587608617]
[12411758, 13368272.886775283]
[9536099, 13416866.650108617]
[10818505, 13426632.640108617]
[11464464, 13538413.250108616]
[9620064, 13561309.275108617]
[10050959, 13601408.025108617]
[10609670, 13619544.39783589]
[9106747, 13634957.525108617]
[9225693, 13764246.775108617]
[11816788, 13946868.000108616]
[11255440, 13965833.48344195]
[14521991, 14000906.750108616]
[8161573, 14023081.550108615]
[10970054, 14060382.950108616]
[12901842, 14097739.03344195]
[8572669, 14160370.150108617]
[12658281, 14160622.600108616]
[12226533, 14270079.225108616]
[11723294, 14284296.325108616]
[9100668, 14320720.100108616]
[9559926, 14331026.775108617]
[9626772, 14384918.67344195]
[8730823, 14410407.000108616]
[7977635, 14445564.700108616]
[7487559, 14452032.775108617]
[10852539, 14467298.392608617]
[10465706, 14626852.700108616]
[11578751, 14663327.900108617]
[10936878, 14722269.450108616]
[9848097, 14751554.500108616]
[7710374, 14755012.300108615]
[10918055, 14784860.900108617]
[11527492, 14808431.400108617]
[7649988, 15101706.900108617]
[11684342, 15138281.550108615]
[9326295, 15317597.125108616]
[8929157, 15354307.690108614]
[9876966, 15384735.650108617]
[7474917, 15389373.250108616]
[7853700, 15406571.300108615]
[8175773, 15440488.000108616]
[10322238, 15468107.050108615]
[8773602, 15566021.950108616]
[8841664, 15584674.350108616]
[8811505, 15753857.257251475]
[8558171, 15821384.050108615]
[9925654, 15892247.700108616]
[9718053, 15954491.500108616]
[10867779, 15983917.508441947]
[11844476, 15992565.975108616]
[11095526, 16079944.04844195]
[8929997, 16116046.750108616]
[8872419, 16226459.625108616]
[7592957, 16297826.050108615]
[11458997, 16357920.200108616]
[12453673, 16401553.250108616]
[9929680, 16464249.250108616]
[7488135, 16582511.450108616]
[9853024, 16609627.300108615]
[7951676, 16616883.750108616]
[12480755, 16640768.750108616]
[10381540, 16676548.650108617]
[7574461, 16701883.750108616]
[10186439, 16714070.200108616]
[9366728, 16729646.875108616]
[12212789, 16762850.850108616]
[10593300, 16767626.150108617]
[8841967, 16785831.28010862]
[9524800, 16807749.55010862]
[10611368, 16915898.025108617]
[11683989, 16994969.416775286]
[11281316, 17018269.191775285]
[11343827, 17029426.150108617]
[11172628, 17077706.575108618]
[10668702, 17127368.25010862]
[9822164, 17165744.05010862]
[8816305, 17180624.150108617]
[11068149, 17186180.600108616]
[8624078, 17214086.950108618]
[8676723, 17217927.25010862]
[9568731, 17241071.900108617]
[10855603, 17254482.350108616]
[8622392, 17322529.950108618]
[9743563, 17356074.350108616]
[8177532, 17407794.30010862]
[12826741, 17444814.350108616]
[12552039, 17451807.30010862]
[11746653, 17484285.80010862]
[10592690, 17539044.50010862]
[9508150, 17631540.36677528]
[12379263, 17649618.981358618]
[10980578, 17835029.233441953]
[10732806, 18029718.900108617]
[12465441, 18047439.700108618]
[7776813, 18074602.30010862]
[8642164, 18101008.400108617]
[12812866, 18248408.600108616]
[8993489, 18263168.850108616]
[7670501, 18280398.520108618]
[11302074, 18392769.200108618]
[12023056, 18398514.350108616]
[11889238, 18413643.075108618]
[7746463, 18418370.350108616]
[11844869, 18431626.950108618]
[11070505, 18529724.17510862]
[11778650, 18587485.50010862]
[10558867, 18602471.00010862]
[11285089, 18621700.55010862]
[9280167, 18636751.50010862]
[12581338, 18687789.75010862]
[9484353, 18733059.900108617]
[8804040, 18741284.075108618]
[10699053, 18776340.62510862]
[11882522, 18830424.850108616]
[9831815, 18884803.430108618]
[11642543, 19038107.900108617]
[10867785, 19146262.240108617]
[7695621, 19167972.88344195]
[11470958, 19331873.00010862]
[9341576, 19336108.975108616]
[10413465, 19354699.325108618]
[11711225, 19431418.200108618]
[7542371, 19855279.200108618]
[14501024, 19902992.25010862]
[7637575, 19947910.50010862]
[11822882, 20002245.05010862]
[10490274, 20079079.100108616]
[12142731, 20144801.950108618]
[11848621, 20166308.225108616]
[9751198, 20195379.216775283]
[11173875, 20313549.900108617]
[10354518, 20766661.100108616]
[12226532, 20793052.75010862]
[8648331, 20860337.61677528]
[11571321, 21267826.200108618]
[11145984, 21343034.62510862]
[9137113, 21349613.62510862]
[12944519, 21384409.36677528]
[9052712, 21424918.525108617]
[12451676, 21430569.11260862]
[10194255, 22009592.725108616]
[11273064, 22080196.416775282]
[7721816, 22186023.541775282]
[11358444, 22540997.42510862]
[11807900, 22544636.133441955]
[9460714, 22580504.043858618]
[7891887, 22591468.725108616]
[10190327, 22620078.110108614]
[9823831, 22701596.42510862]
[9619150, 22719599.318858616]
[11122341, 23103070.55010862]
[8656944, 23153777.30010862]
[10765057, 23438574.05010862]
[7532337, 23718783.63344195]
[12957490, 23846772.100108616]
[8075646, 23989836.87510862]
[8846237, 24073506.62510862]
[9850873, 24231209.290584806]
[11173877, 24662263.37510862]
[11743999, 25091642.575108618]
[7944299, 25209837.04556316]
[7951679, 25765876.17510862]
[9619639, 25891382.86844195]
[11113217, 26131777.03510862]
[8624097, 26150985.25010862]
[8993479, 26293311.37510862]
[9340872, 27002947.05010862]
[9181358, 27160765.700108618]
[11673590, 27224157.63760862]
[9412500, 27453006.75010862]
[8069300, 27619106.31132074]
[9678311, 27767398.80010862]
[12451108, 27941558.275108617]
[10448801, 28027537.745563164]
[9920359, 28739863.61260862]
[8993483, 28898610.25010862]
[10682216, 28970637.479275282]
[9756330, 29302417.936775286]
[10206226, 29339318.97260862]
[8702415, 30625560.659199525]
[10936880, 30660832.587608617]
[7824157, 30899781.61260862]
[10349334, 31317853.19177529]
[8070517, 32069472.350108616]
[9728943, 32201504.868858617]
[9572586, 32267007.81677529]
[12355988, 32510982.04177529]
[9674794, 33346136.731060993]
[12609489, 33364176.837608617]
[9700208, 33381319.00010862]
[12957508, 33583993.42510861]
[12471457, 34933005.390108615]
[9547235, 36833499.36677528]
[10912224, 36973479.77510861]
[8871590, 37516097.94225147]
[9003062, 37727396.30635861]
[12457072, 38803220.80010861]
[10912914, 39171148.470941946]
[12433263, 39198239.600108616]
[9290497, 39246657.58344195]
[8596645, 41137562.48344194]
[8614504, 41141438.567154065]
[10483785, 41158919.802381344]
[9307578, 46116215.066775285]
[10525981, 53367424.448441945]
[8128960, 61422552.6410177]
[12787320, 61911630.59677528]
[9265639, 63843031.437608615]
[12876259, 70667150.2301086]
[9520006, 74190962.88116921]
[9343467, 78550144.9180848]
[12486146, 90767895.85844195]
[11775232, 102026047.08844194]
[8669492, 116608125.71868005]
[9369084, 147694247.04510865]
